"System Time","RDTSC","Elapsed Time (sec)","CPU Utilization(%)","CPU Frequency_0(MHz)","CPU Min Frequency_0(MHz)","CPU Max Frequency_0(MHz)","CPU Requsted Frequency_0(MHz)","Processor Power_0(Watt)","Cumulative Processor Energy_0(Joules)","Cumulative Processor Energy_0(mWh)","IA Power_0(Watt)","Cumulative IA Energy_0(Joules)","Cumulative IA Energy_0(mWh)","Package Temperature_0(C)","Package Hot_0","CPU Min Temperature_0(C)","CPU Max Temperature_0(C)","DRAM Power_0(Watt)","Cumulative DRAM Energy_0(Joules)","Cumulative DRAM Energy_0(mWh)","Package Power Limit_0(Watt)","GT Frequency(MHz)","GT Requsted Frequency(MHz)"
"19:57:28:417","86470911015528","   1.001","   7.092"," 1437"," 1200"," 3600"," 1446","   3.121","   3.123","   0.868","   1.758","   1.760","   0.489"," 40","0"," 37"," 41","   0.720","   0.720","   0.200","  45.000","    0","    0"
"19:57:29:430","86473245026714","   2.014","   7.739"," 1724"," 1200"," 4400"," 1765","   4.386","   7.566","   2.102","   3.125","   4.925","   1.368"," 39","0"," 37"," 56","   0.679","   1.409","   0.391","  45.000","    0","    0"
"19:57:30:431","86475550257046","   3.014","   7.159"," 1407"," 1200"," 3100"," 1415","   2.994","  10.561","   2.934","   1.715","   6.641","   1.845"," 40","0"," 36"," 41","   0.665","   2.074","   0.576","  45.000","    0","    0"
"19:57:31:432","86477855814958","   4.015","   6.779"," 1518"," 1200"," 3600"," 1536","   3.135","  13.698","   3.805","   1.888","   8.531","   2.370"," 40","0"," 36"," 41","   0.656","   2.730","   0.758","  45.000","    0","    0"
"19:57:32:432","86480160886752","   5.015","   6.855"," 1379"," 1200"," 3900"," 1388","   2.850","  16.550","   4.597","   1.602","  10.133","   2.815"," 40","0"," 37"," 42","   0.650","   3.381","   0.939","  45.000","    0","    0"
"19:57:33:437","86482475978236","   6.020","   7.146"," 1367"," 1200"," 3400"," 1372","   2.846","  19.410","   5.392","   1.601","  11.742","   3.262"," 39","0"," 36"," 41","   0.657","   4.040","   1.122","  45.000","    0","    0"
"19:57:34:437","86484781098432","   7.021","   7.255"," 1571"," 1200"," 3600"," 1586","   3.365","  22.776","   6.327","   2.114","  13.857","   3.849"," 40","0"," 36"," 42","   0.665","   4.706","   1.307","  45.000","    0","    0"
"19:57:35:438","86487086126638","   8.021","   7.042"," 1474"," 1200"," 3600"," 1484","   3.106","  25.883","   7.190","   1.859","  15.718","   4.366"," 40","0"," 36"," 45","   0.658","   5.365","   1.490","  45.000","    0","    0"
"19:57:36:439","86489392120264","   9.022","  11.447"," 1681"," 1200"," 3700"," 1710","   5.023","  30.911","   8.586","   3.659","  19.380","   5.383"," 41","0"," 37"," 47","   0.758","   6.123","   1.701","  45.000","    0","    0"
"19:57:37:439","86491696760076","  10.022","  14.508"," 2210","  700"," 4600"," 2428","  14.595","  45.510","  12.642","  12.063","  31.447","   8.735"," 42","0"," 36"," 65","   0.865","   6.988","   1.941","  45.000","    0","    0"
"19:57:38:441","86494005658970","  11.024","  13.482"," 1357"," 1200"," 3600"," 1361","   4.168","  49.687","  13.802","   2.659","  34.111","   9.475"," 40","0"," 37"," 43","   0.758","   7.747","   2.152","  45.000","    0","    0"
"19:57:39:441","86496310392868","  12.025","  16.982"," 1378"," 1200"," 3200"," 1385","   4.769","  54.457","  15.127","   3.250","  37.362","  10.378"," 40","0"," 37"," 41","   0.792","   8.540","   2.372","  45.000","    0","    0"

"Total Elapsed Time (sec) = 12.024683"
"Measured RDTSC Frequency (GHz) = 2.304"

"Cumulative Package Energy_0 (Joules) = 54.457214"
"Cumulative Package Energy_0 (mWh) = 15.127004"
"Average Package Power_0 (Watt) = 4.528786"

"Cumulative IA Energy_0 (Joules) = 37.362244"
"Cumulative IA Energy_0 (mWh) = 10.378401"
"Average Package IA_0 (Watt) = 3.107129"

"Cumulative DRAM Energy_0 (Joules) = 8.540100"
"Cumulative DRAM Energy_0 (mWh) = 2.372250"
"Average Package DRAM_0 (Watt) = 0.710214"
